16-10-2020-10-54	285	301	286.9
16-10-2020-11-54	283	311	291.5
16-10-2020-12-54	281	348	304.6
16-10-2020-13-54	281	290	284.1
16-10-2020-14-54	281	287	283.2
16-10-2020-15-54	282	284	283
16-10-2020-16-54	282	288	284.8
16-10-2020-17-54	282	288	283.9
16-10-2020-18-54	282	287	283.9
16-10-2020-19-54	316	319	317.4
16-10-2020-20-54	315	324	316.9
16-10-2020-21-54	315	327	319
16-10-2020-22-54	313	318	315.5
16-10-2020-23-54	315	319	316.4
17-10-2020-0-54	315	322	317
17-10-2020-1-54	315	319	316.5
17-10-2020-2-54	315	321	317
17-10-2020-3-54	315	327	317
17-10-2020-4-54	315	318	315.6
17-10-2020-5-54	315	320	316.1
17-10-2020-6-54	279	284	281.5
17-10-2020-7-54	280	283	281.2
17-10-2020-8-54	280	284	281.3
17-10-2020-9-54	280	287	282.4
17-10-2020-10-54	281	287	282.4
17-10-2020-11-54	275	278	276.1
17-10-2020-12-54	279	283	280.5
17-10-2020-13-54	280	299	284.6
17-10-2020-14-54	289	306	293.5
17-10-2020-15-54	290	291	290.5
17-10-2020-16-54	286	289	287.8
17-10-2020-17-54	280	287	281.6
17-10-2020-18-54	281	289	283.1
17-10-2020-19-54	281	291	284.7
17-10-2020-20-54	280	282	280.7
17-10-2020-21-54	280	290	284
17-10-2020-22-54	315	333	320.7
17-10-2020-23-54	315	321	316.6
18-10-2020-0-54	316	320	317.4
18-10-2020-1-54	316	324	319.3
18-10-2020-2-54	315	323	316.7
18-10-2020-3-54	315	329	319.3
18-10-2020-4-54	315	323	316.5
18-10-2020-5-54	315	319	317.2
18-10-2020-6-54	280	284	281.2
18-10-2020-7-54	279	285	281.3
18-10-2020-8-54	280	292	282.4
18-10-2020-9-54	280	292	282.8
18-10-2020-10-54	280	287	282.8
18-10-2020-11-54	277	283	280.9
18-10-2020-12-54	280	290	282.2
18-10-2020-13-54	280	285	282
18-10-2020-14-54	280	286	281.5
18-10-2020-15-54	280	291	283
18-10-2020-16-54	280	285	281.5
18-10-2020-17-54	279	286	282.4
18-10-2020-18-54	313	318	316.2
18-10-2020-19-54	315	317	316
18-10-2020-20-54	315	321	317.3
18-10-2020-21-54	316	324	318.4
18-10-2020-22-54	316	329	319.7
18-10-2020-23-54	315	323	316.7
19-10-2020-0-54	315	325	317.9
19-10-2020-1-54	315	329	318.2
19-10-2020-2-54	315	322	317.4
19-10-2020-3-54	315	319	316
19-10-2020-4-54	315	320	316.6
19-10-2020-5-54	315	318	315.9
19-10-2020-6-54	280	285	281.5
19-10-2020-7-54	280	284	281.3
19-10-2020-8-54	280	283	281.1
19-10-2020-9-54	280	287	281.8
19-10-2020-10-54	280	283	281.6
19-10-2020-11-54	280	292	282.2
19-10-2020-12-54	280	285	281.5
19-10-2020-13-54	280	286	282.3
19-10-2020-14-54	280	284	281.5
19-10-2020-15-54	280	282	281
19-10-2020-16-54	279	305	284.5
19-10-2020-17-54	280	285	281.4
19-10-2020-18-54	280	283	281.1
19-10-2020-19-54	280	283	280.9
19-10-2020-20-54	280	295	284.8
19-10-2020-21-54	280	412	302.8333333333333
19-10-2020-22-54	281	284	282.3
19-10-2020-23-54	280	289	282.7
20-10-2020-0-54	321	420	378.8
20-10-2020-1-54	315	325	319.5
20-10-2020-2-59	Infinity	-Infinity	NaN
20-10-2020-3-59	Infinity	-Infinity	NaN
20-10-2020-4-59	Infinity	-Infinity	NaN
20-10-2020-5-54	307	316	310.2
20-10-2020-6-54	307	311	308.6
20-10-2020-7-54	307	321	311.1
20-10-2020-8-54	307	321	309.2
20-10-2020-9-54	308	323	313
20-10-2020-10-54	305	326	313.5
