16-10-2020-10-54	74	78	75.7
16-10-2020-11-54	74	85	76.5
16-10-2020-12-54	75	78	76.2
16-10-2020-13-54	74	77	75.5
16-10-2020-14-54	75	78	75.9
16-10-2020-15-54	74	80	76.7
16-10-2020-16-54	74	105	78
16-10-2020-17-54	74	84	76.1
16-10-2020-18-54	75	79	75.9
16-10-2020-19-54	74	81	76.6
16-10-2020-20-54	72	80	74
16-10-2020-21-54	73	88	77.5
16-10-2020-22-54	72	85	75.4
16-10-2020-23-54	72	78	73.8
17-10-2020-0-54	71	76	74
17-10-2020-1-54	74	93	77.3
17-10-2020-2-54	73	77	74.2
17-10-2020-3-54	73	77	74.4
17-10-2020-4-54	72	90	75.2
17-10-2020-5-54	73	76	74.3
17-10-2020-6-54	73	81	75.5
17-10-2020-7-54	73	79	74.9
17-10-2020-8-54	73	83	76
17-10-2020-9-54	72	78	74.8
17-10-2020-10-54	72	77	74.3
17-10-2020-11-54	73	76	74.1
17-10-2020-12-54	73	74	73.8
17-10-2020-13-54	73	82	75.7
17-10-2020-14-54	76	91	79
17-10-2020-15-54	76	78	77.2
17-10-2020-16-54	77	85	79.4
17-10-2020-17-54	73	77	75.2
17-10-2020-18-54	72	74	73.4
17-10-2020-19-54	75	125	94
17-10-2020-20-54	72	75	73.6
17-10-2020-21-54	73	80	74.9
17-10-2020-22-54	73	79	75.5
17-10-2020-23-54	72	102	76.7
18-10-2020-0-54	73	82	76.9
18-10-2020-1-54	73	83	75.8
18-10-2020-2-54	72	76	73.5
18-10-2020-3-54	72	77	74.6
18-10-2020-4-54	73	81	75.2
18-10-2020-5-54	72	78	74.6
18-10-2020-6-54	73	78	75
18-10-2020-7-54	73	76	74.3
18-10-2020-8-54	73	78	74.6
18-10-2020-9-54	73	77	74.2
18-10-2020-10-54	72	82	75
18-10-2020-11-54	73	75	73.6
18-10-2020-12-54	71	78	74.4
18-10-2020-13-54	72	77	74.2
18-10-2020-14-54	73	75	73.6
18-10-2020-15-54	71	77	74.1
18-10-2020-16-54	73	117	79
18-10-2020-17-54	70	77	74.9
18-10-2020-18-54	73	78	75.2
18-10-2020-19-54	73	84	75.8
18-10-2020-20-54	73	80	75.1
18-10-2020-21-54	73	100	79.8
18-10-2020-22-54	73	74	73.6
18-10-2020-23-54	72	80	74
19-10-2020-0-54	73	75	73.5
19-10-2020-1-54	72	77	73.7
19-10-2020-2-54	73	78	75
19-10-2020-3-54	73	77	74.2
19-10-2020-4-54	72	76	73.9
19-10-2020-5-54	73	77	74.5
19-10-2020-6-54	72	79	74.7
19-10-2020-7-54	73	75	73.7
19-10-2020-8-54	73	77	74.6
19-10-2020-9-54	72	76	73.6
19-10-2020-10-54	72	76	74.2
19-10-2020-11-54	73	81	74.4
19-10-2020-12-54	73	76	73.9
19-10-2020-13-54	72	76	74
19-10-2020-14-54	72	78	74.3
19-10-2020-15-54	72	77	74.4
19-10-2020-16-54	73	81	75.4
19-10-2020-17-54	73	76	74.4
19-10-2020-18-54	72	81	74.4
19-10-2020-19-54	73	76	74.2
19-10-2020-20-54	73	86	76.8
19-10-2020-21-54	72	75	73.5
19-10-2020-22-54	72	81	75.6
19-10-2020-23-54	73	76	74.5
20-10-2020-0-54	118	136	127
20-10-2020-1-54	72	99	78.6
20-10-2020-2-59	Infinity	-Infinity	NaN
20-10-2020-3-59	Infinity	-Infinity	NaN
20-10-2020-4-59	Infinity	-Infinity	NaN
20-10-2020-5-54	72	83	75
20-10-2020-6-54	71	82	74
20-10-2020-7-54	71	85	75.8
20-10-2020-8-54	71	78	73.6
20-10-2020-9-54	72	82	75.7
20-10-2020-10-54	72	82	75.7
