16-10-2020-10-53	69	73	70.9
16-10-2020-11-53	69	75	71.4
16-10-2020-12-53	70	94	79.6
16-10-2020-13-54	69	74	71.5
16-10-2020-14-53	70	73	70.8
16-10-2020-15-54	69	81	72.3
16-10-2020-16-53	70	73	71.1
16-10-2020-17-53	69	75	71.7
16-10-2020-18-53	68	78	71.4
16-10-2020-19-53	69	81	71.4
16-10-2020-20-53	68	71	68.9
16-10-2020-21-53	68	80	72.3
16-10-2020-22-53	67	77	69.6
16-10-2020-23-53	68	71	69.1
17-10-2020-0-53	68	78	71
17-10-2020-1-53	65	71	68.4
17-10-2020-2-53	68	75	70.2
17-10-2020-3-53	67	78	69.5
17-10-2020-4-53	67	78	70.3
17-10-2020-5-53	67	72	68.9
17-10-2020-6-53	67	71	68.7
17-10-2020-7-53	68	75	69.7
17-10-2020-8-53	67	83	70.6
17-10-2020-9-53	67	71	68.6
17-10-2020-10-53	67	77	70.4
17-10-2020-11-53	68	70	69.1
17-10-2020-12-53	69	74	70.1
17-10-2020-13-53	66	73	69.1
17-10-2020-14-53	71	79	73.2
17-10-2020-15-53	71	74	72.5
17-10-2020-16-53	71	75	72.5
17-10-2020-17-53	68	73	68.9
17-10-2020-18-53	67	70	68.8
17-10-2020-19-54	68	85	73.4
17-10-2020-20-53	68	75	69.9
17-10-2020-21-53	68	104	72.5
17-10-2020-22-53	68	79	70.7
17-10-2020-23-53	68	73	69.6
18-10-2020-0-53	68	73	70.7
18-10-2020-1-53	68	75	70.1
18-10-2020-2-53	65	72	68.3
18-10-2020-3-53	68	78	69.7
18-10-2020-4-53	68	70	68.8
18-10-2020-5-53	68	85	70.4
18-10-2020-6-53	67	70	68.1
18-10-2020-7-53	67	72	68.7
18-10-2020-8-53	68	75	69.7
18-10-2020-9-53	68	69	68.2
18-10-2020-10-53	67	69	68.1
18-10-2020-11-53	67	80	70.4
18-10-2020-12-53	68	73	69.4
18-10-2020-13-53	67	86	72.5
18-10-2020-14-53	68	82	72.5
18-10-2020-15-53	68	74	70
18-10-2020-16-53	67	74	69.4
18-10-2020-17-53	66	77	70.5
18-10-2020-18-53	68	76	69.9
18-10-2020-19-54	68	75	71.1
18-10-2020-20-53	68	73	69.5
18-10-2020-21-53	69	73	70
18-10-2020-22-53	68	72	69.6
18-10-2020-23-53	68	82	71
19-10-2020-0-53	67	71	68.8
19-10-2020-1-53	67	72	68.9
19-10-2020-2-53	64	72	68.2
19-10-2020-3-53	67	69	68.1
19-10-2020-4-53	68	71	68.8
19-10-2020-5-53	67	70	68.5
19-10-2020-6-53	68	75	70.5
19-10-2020-7-53	67	74	69.6
19-10-2020-8-53	67	70	68.6
19-10-2020-9-53	68	70	68.7
19-10-2020-10-53	68	71	69
19-10-2020-11-54	67	76	70
19-10-2020-12-53	68	74	69.4
19-10-2020-13-54	67	77	70.5
19-10-2020-14-54	67	77	69.6
19-10-2020-15-53	68	71	69.5
19-10-2020-16-53	68	71	68.8
19-10-2020-17-53	67	75	68.9
19-10-2020-18-53	68	71	68.9
19-10-2020-19-53	67	80	69.6
19-10-2020-20-53	70	87	76.3
19-10-2020-21-53	68	180	87.5
19-10-2020-22-53	66	77	70.4
19-10-2020-23-54	67	75	69.6
20-10-2020-0-53	72	125	110.6
20-10-2020-1-53	54	59	55.6
20-10-2020-2-59	Infinity	-Infinity	NaN
20-10-2020-3-59	Infinity	-Infinity	NaN
20-10-2020-4-59	Infinity	-Infinity	NaN
20-10-2020-5-53	61	78	64.8
20-10-2020-6-54	60	68	62.6
20-10-2020-7-54	60	73	63.1
20-10-2020-8-53	60	78	64.4
20-10-2020-9-53	60	75	65.4
20-10-2020-10-53	61	75	64.3
