16-10-2020-10-53	18	24	19.4
16-10-2020-11-54	20	59	33.2
16-10-2020-12-53	18	85	40.4
16-10-2020-13-54	27	32	28.5
16-10-2020-14-54	27	36	28.5
16-10-2020-15-54	26	29	27.5
16-10-2020-16-53	27	30	27.9
16-10-2020-17-54	27	31	28.8
16-10-2020-18-53	27	31	28.4
16-10-2020-19-53	27	34	29.3
16-10-2020-20-53	26	29	27.3
16-10-2020-21-53	27	30	28.4
16-10-2020-22-53	26	36	29.1
16-10-2020-23-53	26	31	27.4
17-10-2020-0-53	27	31	28.6
17-10-2020-1-53	27	30	28
17-10-2020-2-53	26	31	27.7
17-10-2020-3-53	26	28	27.2
17-10-2020-4-53	26	28	26.9
17-10-2020-5-53	26	29	27.3
17-10-2020-6-53	26	28	26.7
17-10-2020-7-53	28	41	32
17-10-2020-8-53	26	30	27.5
17-10-2020-9-53	26	33	27.9
17-10-2020-10-53	26	31	28.4
17-10-2020-11-53	27	37	29.7
17-10-2020-12-53	27	30	27.7
17-10-2020-13-53	26	45	29.8
17-10-2020-14-53	27	37	29.5
17-10-2020-15-53	27	32	28.7
17-10-2020-16-53	27	31	28.5
17-10-2020-17-53	26	29	27.5
17-10-2020-18-53	27	46	30.6
17-10-2020-19-54	27	45	33.4
17-10-2020-20-53	26	43	29
17-10-2020-21-53	27	30	28.1
17-10-2020-22-53	26	42	31
17-10-2020-23-53	27	40	30.5
18-10-2020-0-53	27	34	29.6
18-10-2020-1-53	25	50	31.1
18-10-2020-2-53	26	32	27.9
18-10-2020-3-53	27	29	27.8
18-10-2020-4-53	26	30	27.9
18-10-2020-5-53	28	35	29.9
18-10-2020-6-53	27	29	28.3
18-10-2020-7-53	27	29	28.1
18-10-2020-8-53	27	30	28.4
18-10-2020-9-53	26	39	29.6
18-10-2020-10-53	26	34	29.7
18-10-2020-11-53	27	30	28
18-10-2020-12-53	27	29	27.9
18-10-2020-13-53	26	29	27.9
18-10-2020-14-53	27	40	29.7
18-10-2020-15-53	27	32	28.4
18-10-2020-16-53	27	33	28.2
18-10-2020-17-53	27	30	27.8
18-10-2020-18-53	26	36	29.6
18-10-2020-19-54	27	32	29
18-10-2020-20-53	28	43	32.5
18-10-2020-21-53	28	35	29.5
18-10-2020-22-53	26	34	28.7
18-10-2020-23-53	26	29	27.4
19-10-2020-0-53	27	31	28.4
19-10-2020-1-53	26	35	29.2
19-10-2020-2-53	26	29	27.1
19-10-2020-3-53	27	31	28.1
19-10-2020-4-53	27	29	27.7
19-10-2020-5-53	26	30	28.1
19-10-2020-6-53	22	30	27.3
19-10-2020-7-53	26	31	27.9
19-10-2020-8-53	27	35	28.6
19-10-2020-9-54	27	32	29.3
19-10-2020-10-54	26	35	29.7
19-10-2020-11-54	27	52	30.4
19-10-2020-12-54	26	29	27.4
19-10-2020-13-54	27	33	29.8
19-10-2020-14-54	27	30	28.3
19-10-2020-15-54	26	42	29.3
19-10-2020-16-53	26	35	28.4
19-10-2020-17-54	26	30	27.7
19-10-2020-18-54	25	32	27.9
19-10-2020-19-54	27	29	28.1
19-10-2020-20-54	28	40	32.8
19-10-2020-21-54	27	29	27.5
19-10-2020-22-54	26	35	30
19-10-2020-23-54	26	36	29.1
20-10-2020-0-54	33	94	63.5
20-10-2020-1-53	26	37	28.7
20-10-2020-2-59	Infinity	-Infinity	NaN
20-10-2020-3-59	Infinity	-Infinity	NaN
20-10-2020-4-59	Infinity	-Infinity	NaN
20-10-2020-5-53	27	32	29.2
20-10-2020-6-53	27	44	29.8
20-10-2020-7-53	27	31	28.6
20-10-2020-8-53	27	40	31.1
20-10-2020-9-53	27	32	27.9
20-10-2020-10-53	27	37	29.6
