16-10-2020-10-54	299	302	300.8
16-10-2020-11-54	299	306	300.7
16-10-2020-12-54	299	307	302.2
16-10-2020-13-54	299	303	300.3
16-10-2020-14-54	299	314	303.4
16-10-2020-15-54	298	303	300.8
16-10-2020-16-54	300	316	306
16-10-2020-17-54	299	307	301.3
16-10-2020-18-54	299	309	301.9
16-10-2020-19-54	300	317	304.7
16-10-2020-20-54	300	314	302.9
16-10-2020-21-54	300	315	304.3
16-10-2020-22-54	299	317	301.9
16-10-2020-23-54	300	304	301.4
17-10-2020-0-54	299	310	302.6
17-10-2020-1-54	293	301	295
17-10-2020-2-54	299	302	300.3
17-10-2020-3-54	299	307	302
17-10-2020-4-54	299	324	302.3
17-10-2020-5-54	299	313	301.4
17-10-2020-6-54	299	305	301.5
17-10-2020-7-54	299	302	300.6
17-10-2020-8-54	299	303	301
17-10-2020-9-54	299	306	301.3
17-10-2020-10-54	299	306	300.9
17-10-2020-11-54	299	311	301.6
17-10-2020-12-54	299	305	301.3
17-10-2020-13-54	300	305	301.4
17-10-2020-14-54	301	304	302
17-10-2020-15-54	301	304	302.5
17-10-2020-16-54	302	306	302.9
17-10-2020-17-54	304	310	305.5
17-10-2020-18-54	300	308	303.1
17-10-2020-19-54	304	320	308.2
17-10-2020-20-54	304	319	306.7
17-10-2020-21-54	300	308	301.7
17-10-2020-22-54	299	309	301.9
17-10-2020-23-54	299	310	302.9
18-10-2020-0-54	300	309	304.3
18-10-2020-1-54	299	305	301.5
18-10-2020-2-54	299	312	303.4
18-10-2020-3-54	299	302	300.5
18-10-2020-4-54	299	306	301.2
18-10-2020-5-54	299	304	301.1
18-10-2020-6-54	299	304	300.7
18-10-2020-7-54	299	302	300.5
18-10-2020-8-54	299	301	300.4
18-10-2020-9-54	296	301	297.6
18-10-2020-10-54	296	299	297
18-10-2020-11-54	297	306	299.8
18-10-2020-12-54	299	302	300.6
18-10-2020-13-54	299	303	300.4
18-10-2020-14-54	298	306	302.2
18-10-2020-15-54	299	303	300.3
18-10-2020-16-54	298	303	301.1
18-10-2020-17-54	296	307	302.5
18-10-2020-18-54	299	306	301.2
18-10-2020-19-54	299	305	301.3
18-10-2020-20-54	298	305	301.6
18-10-2020-21-54	299	313	304.1
18-10-2020-22-54	299	310	302.9
18-10-2020-23-54	298	321	303
19-10-2020-0-54	299	304	301.1
19-10-2020-1-54	300	313	303.5
19-10-2020-2-54	296	305	301.9
19-10-2020-3-54	299	302	300
19-10-2020-4-54	299	305	301.2
19-10-2020-5-54	300	310	302.2
19-10-2020-6-55	339	339	339
19-10-2020-7-54	299	304	300.6
19-10-2020-8-54	299	302	300
19-10-2020-9-54	299	310	301.5
19-10-2020-10-54	300	306	301.6
19-10-2020-11-54	299	302	300.4
19-10-2020-12-54	299	306	301.3
19-10-2020-13-54	300	307	302.5
19-10-2020-14-54	299	313	301.6
19-10-2020-15-54	300	308	302.1
19-10-2020-16-54	299	304	300.9
19-10-2020-17-54	300	314	303.1
19-10-2020-18-54	299	304	301.2
19-10-2020-19-54	299	308	301.6
19-10-2020-20-54	303	310	306.7
19-10-2020-21-54	299	424	322.5
19-10-2020-22-54	301	323	304.6
19-10-2020-23-54	300	307	302.6
20-10-2020-0-54	414	414	414
20-10-2020-1-54	300	312	305.1
20-10-2020-5-54	302	318	308
20-10-2020-6-54	303	307	304.6
20-10-2020-7-54	303	318	306.5
20-10-2020-8-54	303	308	305
20-10-2020-9-54	303	318	307.3
20-10-2020-10-54	302	311	306.4
