16-10-2020-10-53	17	21	18.6
16-10-2020-11-53	19	46	22.8
16-10-2020-12-53	18	36	22.8
16-10-2020-13-54	18	26	21.4
16-10-2020-14-54	17	22	18.8
16-10-2020-15-54	18	20	18.6
16-10-2020-16-54	17	21	19.1
16-10-2020-17-54	17	23	18.9
16-10-2020-18-54	17	23	19.3
16-10-2020-19-54	17	25	19.2
16-10-2020-20-54	17	22	18.9
16-10-2020-21-54	18	24	20.3
16-10-2020-22-54	18	27	21.4
16-10-2020-23-54	18	21	18.9
17-10-2020-0-54	18	21	18.9
17-10-2020-1-54	17	22	18.8
17-10-2020-2-54	18	20	18.5
17-10-2020-3-54	17	27	20.4
17-10-2020-4-54	17	23	19
17-10-2020-5-54	17	20	18.1
17-10-2020-6-54	17	21	18.7
17-10-2020-7-54	17	21	18.6
17-10-2020-8-54	17	24	19.2
17-10-2020-9-54	17	22	19.1
17-10-2020-10-54	17	26	19.5
17-10-2020-11-54	17	21	18.7
17-10-2020-12-54	17	39	21.2
17-10-2020-13-54	18	20	18.6
17-10-2020-14-54	17	24	19.7
17-10-2020-15-54	17	23	19.1
17-10-2020-16-54	17	25	19.5
17-10-2020-17-54	17	19	18.1
17-10-2020-18-54	18	22	19
17-10-2020-19-54	18	33	23.7
17-10-2020-20-54	17	19	18.3
17-10-2020-21-54	17	27	19.7
17-10-2020-22-54	14	35	26.6
17-10-2020-23-54	18	23	20
18-10-2020-0-54	17	96	28.8
18-10-2020-1-54	17	35	23.4
18-10-2020-2-54	17	52	27.7
18-10-2020-3-54	17	21	18.2
18-10-2020-4-54	17	23	18.8
18-10-2020-5-54	17	21	18.8
18-10-2020-6-54	17	19	18.4
18-10-2020-7-54	17	19	17.9
18-10-2020-8-54	17	23	19.5
18-10-2020-9-54	17	22	19.1
18-10-2020-10-54	17	22	18.8
18-10-2020-11-54	17	22	18.7
18-10-2020-12-54	18	26	21.5
18-10-2020-13-54	17	20	18.7
18-10-2020-14-54	17	22	18.7
18-10-2020-15-54	18	26	20.6
18-10-2020-16-54	18	25	20
18-10-2020-17-54	17	29	21.2
18-10-2020-18-54	17	24	18.7
18-10-2020-19-54	17	40	23.4
18-10-2020-20-54	18	24	20.8
18-10-2020-21-54	18	29	22.2
18-10-2020-22-54	18	25	19.8
18-10-2020-23-54	17	30	19.5
19-10-2020-0-54	17	21	18.7
19-10-2020-1-54	17	22	19.1
19-10-2020-2-54	17	20	18.5
19-10-2020-3-54	17	23	19.4
19-10-2020-4-54	17	27	19.2
19-10-2020-5-54	17	21	18.4
19-10-2020-6-54	17	21	18.7
19-10-2020-7-54	17	22	19.1
19-10-2020-8-54	17	22	18.9
19-10-2020-9-54	17	23	19.2
19-10-2020-10-54	18	27	19.9
19-10-2020-11-54	17	20	18.6
19-10-2020-12-54	17	22	19.2
19-10-2020-13-54	18	24	19.8
19-10-2020-14-54	18	22	19.7
19-10-2020-15-54	17	27	19.2
19-10-2020-16-54	17	29	20.5
19-10-2020-17-54	17	21	19
19-10-2020-18-54	17	27	20.7
19-10-2020-19-54	18	22	20
19-10-2020-20-54	19	31	24.3
19-10-2020-21-54	22	29	26
19-10-2020-22-54	18	21	19.3
19-10-2020-23-54	19	27	21.1
20-10-2020-0-54	19	89	65.44444444444444
20-10-2020-1-54	17	22	18.7
20-10-2020-2-59	Infinity	-Infinity	NaN
20-10-2020-3-59	Infinity	-Infinity	NaN
20-10-2020-4-59	Infinity	-Infinity	NaN
20-10-2020-5-54	18	30	21.2
20-10-2020-6-54	17	30	19.8
20-10-2020-7-54	17	29	20.7
20-10-2020-8-54	18	28	20.2
20-10-2020-9-54	18	28	20
20-10-2020-10-54	19	25	21.5
