16-10-2020-10-53	10	19	12.1
16-10-2020-11-53	10	14	12.3
16-10-2020-12-53	10	49	16.7
16-10-2020-13-53	10	13	11.2
16-10-2020-14-53	11	19	12.8
16-10-2020-15-53	10	18	11.9
16-10-2020-16-53	10	19	11.6
16-10-2020-17-53	10	14	11.7
16-10-2020-18-53	11	14	11.9
16-10-2020-19-53	10	14	11.6
16-10-2020-20-53	10	15	11.8
16-10-2020-21-53	10	37	16.5
16-10-2020-22-53	10	25	15.7
16-10-2020-23-53	10	12	11.1
17-10-2020-0-53	10	12	11.1
17-10-2020-1-53	10	18	12.2
17-10-2020-2-53	10	29	14.3
17-10-2020-3-53	10	17	11.9
17-10-2020-4-53	10	20	12.8
17-10-2020-5-53	10	17	12
17-10-2020-6-53	10	15	11.5
17-10-2020-7-53	10	18	11.9
17-10-2020-8-53	11	15	12.5
17-10-2020-9-53	11	18	13
17-10-2020-10-53	10	24	13.2
17-10-2020-11-53	10	17	12
17-10-2020-12-53	11	13	11.7
17-10-2020-13-53	10	31	14.6
17-10-2020-14-53	11	13	11.7
17-10-2020-15-53	10	13	11.7
17-10-2020-16-53	11	14	12.1
17-10-2020-17-53	11	19	13.3
17-10-2020-18-53	10	22	14
17-10-2020-19-53	10	26	17.8
17-10-2020-20-53	10	19	13.1
17-10-2020-21-53	11	22	14.3
17-10-2020-22-53	10	19	12.4
17-10-2020-23-53	11	14	12.4
18-10-2020-0-53	10	20	13.5
18-10-2020-1-53	10	16	11.5
18-10-2020-2-53	10	12	10.9
18-10-2020-3-53	11	18	12.8
18-10-2020-4-53	10	14	11.3
18-10-2020-5-53	10	14	11.5
18-10-2020-6-53	10	21	12.8
18-10-2020-7-53	10	12	11
18-10-2020-8-53	11	25	15
18-10-2020-9-53	11	18	13.7
18-10-2020-10-53	10	23	12.9
18-10-2020-11-53	11	16	12.4
18-10-2020-12-53	10	32	14.1
18-10-2020-13-53	10	17	12
18-10-2020-14-53	10	14	12.2
18-10-2020-15-53	11	21	12.8
18-10-2020-16-53	11	18	12.5
18-10-2020-17-53	10	14	11.9
18-10-2020-18-53	10	14	11.7
18-10-2020-19-53	10	34	14.3
18-10-2020-20-53	11	15	12.4
18-10-2020-21-53	11	15	12.8
18-10-2020-22-53	10	25	13.7
18-10-2020-23-53	10	13	11.6
19-10-2020-0-53	10	15	12.2
19-10-2020-1-53	10	14	12
19-10-2020-2-53	10	14	11.5
19-10-2020-3-53	10	15	11.7
19-10-2020-4-53	10	17	11.6
19-10-2020-5-53	10	16	12.1
19-10-2020-6-53	10	15	11.4
19-10-2020-7-53	10	18	13
19-10-2020-8-53	10	15	11.9
19-10-2020-9-53	10	22	12.4
19-10-2020-10-53	10	15	12.1
19-10-2020-11-53	10	14	11.4
19-10-2020-12-53	11	22	12.5
19-10-2020-13-53	10	17	12.6
19-10-2020-14-53	11	18	13.3
19-10-2020-15-53	11	30	17.1
19-10-2020-16-53	7	23	13.5
19-10-2020-17-53	10	21	12.5
19-10-2020-18-53	10	12	11.3
19-10-2020-19-53	10	14	11.5
19-10-2020-20-53	12	48	24.2
19-10-2020-21-53	10	19	12.2
19-10-2020-22-53	7	17	12.2
19-10-2020-23-53	10	20	13
20-10-2020-0-53	108	122	116.8
20-10-2020-1-53	10	19	13.2
20-10-2020-2-59	Infinity	-Infinity	NaN
20-10-2020-3-59	Infinity	-Infinity	NaN
20-10-2020-4-59	Infinity	-Infinity	NaN
20-10-2020-5-53	11	37	16.1
20-10-2020-6-53	10	16	11.8
20-10-2020-7-53	10	25	13.8
20-10-2020-8-53	10	18	12.5
20-10-2020-9-53	11	23	13.6
20-10-2020-10-53	9	22	13.7
